Ip = 0.0079;    
Mc = 0.7031;     
lp = 0.3302;    
Mp = 0.23;    
Beq = 4.3;   
Bp = 0.0024;    
g = 9.81;        
Fc = 0;           

